R: 3.751560926437378
TP: 2083.0
TN: 874.0
FP: 100.0
FN: 6943.0
precision: 0.9541914359051105
recall: 0.230777750600734
f_measure: 0.37163425684864826
accuracy: 0.29569999704300004
dist_auc_roc: 0.6169397806291748
saveing model