R: 4.340936183929443
TP: 2237.0
TN: 874.0
FP: 100.0
FN: 6789.0
precision: 0.9572100574578494
recall: 0.2478395718165348
f_measure: 0.39370137120926973
accuracy: 0.31109999688900003
auc_roc: 0.5965725981661011
dist_auc_roc: 0.5965725981661011